#ifndef SCATTER_H
#define SCATTER_H

#define HALO_SIZE    3
#define KERNEL_SIZE  (2 * HALO_SIZE + 1)

#define BLOCKDIM_X   16
#define BLOCKDIM_Y   8
#define RESULT_STEPS 8
#define HALO_STEPS   1

#include "JobScheduler.h"

void scatter(JobScheduler* scheduler,unsigned int *image, int *result, int x_size, int y_size, int bytes, int ds_x_size, int ds_y_size, int ds_bytes);
void scatter_separable(unsigned int *image, int *result, int x_size, int y_size, int bytes, int ds_x_size, int ds_y_size, int ds_bytes);

#endif

/*
float complex morlet1[7][7] = {
    {0.0000050278-0.0000066992*I,-0.0000830900+0.0004709791*I,-0.0043360960-0.0034702790*I,0.0088283160+0.0000000000*I,-0.0043360960+0.0034702790*I,-0.0000830900-0.0004709791*I,0.0000050278+0.0000066992*I},
    {0.0000133504-0.0000177885*I,-0.0002206299+0.0012505970*I,-0.0115136900-0.0092146750*I,0.0234419400+0.0000000000*I,-0.0115136900+0.0092146750*I,-0.0002206299-0.0012505970*I,0.0000133504+0.0000177885*I},
    {0.0000239863-0.0000319602*I,-0.0003964000+0.0022469160*I,-0.0206863600-0.0165557700*I,0.0421175400+0.0000000000*I,-0.0206863600+0.0165557700*I,-0.0003964000-0.0022469160*I,0.0000239863+0.0000319602*I},
    {0.0000291599-0.0000388537*I,-0.0004818999+0.0027315550*I,-0.0251482100-0.0201267000*I,0.0512019100+0.0000000000*I,-0.0251482100+0.0201267000*I,-0.0004818999-0.0027315550*I,0.0000291599+0.0000388537*I},
    {0.0000239863-0.0000319602*I,-0.0003964000+0.0022469160*I,-0.0206863600-0.0165557700*I,0.0421175400+0.0000000000*I,-0.0206863600+0.0165557700*I,-0.0003964000-0.0022469160*I,0.0000239863+0.0000319602*I},
    {0.0000133504-0.0000177885*I,-0.0002206299+0.0012505970*I,-0.0115136900-0.0092146750*I,0.0234419400+0.0000000000*I,-0.0115136900+0.0092146750*I,-0.0002206299-0.0012505970*I,0.0000133504+0.0000177885*I},
    {0.0000050278-0.0000066992*I,-0.0000830900+0.0004709791*I,-0.0043360960-0.0034702790*I,0.0088283160+0.0000000000*I,-0.0043360960+0.0034702790*I,-0.0000830900-0.0004709791*I,0.0000050278+0.0000066992*I},
};

float complex morlet2[7][7] = {
    {-0.0000002623-0.0000000428*I,0.0000138724-0.0000178732*I,-0.0000014291+0.0007025404*I,-0.0053326850-0.0020938190*I,0.0059336590-0.0043148570*I,-0.0009152358+0.0036726160*I,-0.0003730507-0.0002492096*I},
    {-0.0000020339-0.0000028530*I,0.0001958448+0.0000299994*I,-0.0036912840+0.0032713350*I,-0.0081006680-0.0196504100*I,0.0175430200+0.0084178570*I,-0.0065653990+0.0036563050*I,-0.0000723519-0.0004640453*I},
    {0.0000061847-0.0000236379*I,0.0004391283+0.0010866160*I,-0.0180811300-0.0009752251*I,0.0211026300-0.0368138100*I,0.0042756350+0.0338953400*I,-0.0074747080-0.0020332880*I,0.0001938181-0.0001894189*I},
    {0.0000950236-0.0000291199*I,-0.0020087690+0.0036050660*I,-0.0229593200-0.0254904200*I,0.0515590200-0.0000000000*I,-0.0229593200+0.0254904200*I,-0.0020087690-0.0036050660*I,0.0000950236+0.0000291199*I},
    {0.0001938181+0.0001894189*I,-0.0074747080+0.0020332880*I,0.0042756350-0.0338953400*I,0.0211026300+0.0368138100*I,-0.0180811300+0.0009752251*I,0.0004391283-0.0010866160*I,0.0000061847+0.0000236379*I},
    {-0.0000723519+0.0004640453*I,-0.0065653990-0.0036563050*I,0.0175430200-0.0084178570*I,-0.0081006680+0.0196504100*I,-0.0036912840-0.0032713350*I,0.0001958448-0.0000299994*I,-0.0000020339+0.0000028530*I},
    {-0.0003730507+0.0002492096*I,-0.0009152358-0.0036726160*I,0.0059336590+0.0043148570*I,-0.0053326850+0.0020938190*I,-0.0000014291-0.0007025404*I,0.0000138724+0.0000178732*I,-0.0000002623+0.0000000428*I},
};

float complex morlet3[7][7] = {
    {-0.0000000492+0.0000000263*I,-0.0000020442-0.0000028757*I,0.0000613224-0.0000302072*I,0.0000835564+0.0007363237*I,-0.0031549480+0.0005174061*I,-0.0009821461-0.0036447700*I,0.0015283200+0.0000000000*I},
    {-0.0000020442-0.0000028757*I,0.0000906287-0.0000446434*I,0.0001825038+0.0016082790*I,-0.0101843000+0.0016702070*I,-0.0046855570-0.0173882200*I,0.0107757100+0.0000000000*I,-0.0009821461+0.0036447700*I},
    {0.0000613224-0.0000302072*I,0.0001825038+0.0016082790*I,-0.0150514100+0.0024684060*I,-0.0102342000-0.0379793800*I,0.0347844100+0.0000000000*I,-0.0046855570+0.0173882200*I,-0.0031549480-0.0005174061*I},
    {0.0000835564+0.0007363237*I,-0.0101843000+0.0016702070*I,-0.0102342000-0.0379793800*I,0.0514080300-0.0000000000*I,-0.0102342000+0.0379793800*I,-0.0101843000-0.0016702070*I,0.0000835564-0.0007363237*I},
    {-0.0031549480+0.0005174061*I,-0.0046855570-0.0173882200*I,0.0347844100-0.0000000000*I,-0.0102342000+0.0379793800*I,-0.0150514100-0.0024684060*I,0.0001825038-0.0016082790*I,0.0000613224+0.0000302072*I},
    {-0.0009821461-0.0036447700*I,0.0107757100-0.0000000000*I,-0.0046855570+0.0173882200*I,-0.0101843000-0.0016702070*I,0.0001825038-0.0016082790*I,0.0000906287+0.0000446434*I,-0.0000020442+0.0000028757*I},
    {0.0015283200-0.0000000000*I,-0.0009821461+0.0036447700*I,-0.0031549480-0.0005174061*I,0.0000835564-0.0007363237*I,0.0000613224+0.0000302072*I,-0.0000020442+0.0000028757*I,-0.0000000492-0.0000000263*I},
}

float complex morlet4[7][7] = {
    {-0.0000002623-0.0000000428*I,-0.0000020339-0.0000028530*I,0.0000061847-0.0000236379*I,0.0000950236-0.0000291199*I,0.0001938181+0.0001894189*I,-0.0000723519+0.0004640453*I,-0.0003730507+0.0002492096*I},
    {0.0000138724-0.0000178732*I,0.0001958448+0.0000299994*I,0.0004391283+0.0010866160*I,-0.0020087690+0.0036050660*I,-0.0074747080+0.0020332880*I,-0.0065653990-0.0036563050*I,-0.0009152358-0.0036726160*I},
    {-0.0000014291+0.0007025404*I,-0.0036912840+0.0032713350*I,-0.0180811300-0.0009752251*I,-0.0229593200-0.0254904200*I,0.0042756350-0.0338953400*I,0.0175430200-0.0084178570*I,0.0059336590+0.0043148570*I},
    {-0.0053326850-0.0020938190*I,-0.0081006680-0.0196504100*I,0.0211026300-0.0368138100*I,0.0515590200+0.0000000000*I,0.0211026300+0.0368138100*I,-0.0081006680+0.0196504100*I,-0.0053326850+0.0020938190*I},
    {0.0059336590-0.0043148570*I,0.0175430200+0.0084178570*I,0.0042756350+0.0338953400*I,-0.0229593200+0.0254904200*I,-0.0180811300+0.0009752251*I,-0.0036912840-0.0032713350*I,-0.0000014291-0.0007025404*I},
    {-0.0009152358+0.0036726160*I,-0.0065653990+0.0036563050*I,-0.0074747080-0.0020332880*I,-0.0020087690-0.0036050660*I,0.0004391283-0.0010866160*I,0.0001958448-0.0000299994*I,0.0000138724+0.0000178732*I},
    {-0.0003730507-0.0002492096*I,-0.0000723519-0.0004640453*I,0.0001938181-0.0001894189*I,0.0000950236+0.0000291199*I,0.0000061847+0.0000236379*I,-0.0000020339+0.0000028530*I,-0.0000002623+0.0000000428*I},
};

float complex morlet5[7][7] = {
    {0.0000050278-0.0000066992*I,0.0000133504-0.0000177885*I,0.0000239863-0.0000319602*I,0.0000291599-0.0000388537*I,0.0000239863-0.0000319602*I,0.0000133504-0.0000177885*I,0.0000050278-0.0000066992*I},
    {-0.0000830900+0.0004709791*I,-0.0002206299+0.0012505970*I,-0.0003964000+0.0022469160*I,-0.0004818999+0.0027315550*I,-0.0003964000+0.0022469160*I,-0.0002206299+0.0012505970*I,-0.0000830900+0.0004709791*I},
    {-0.0043360960-0.0034702790*I,-0.0115136900-0.0092146750*I,-0.0206863600-0.0165557700*I,-0.0251482100-0.0201267000*I,-0.0206863600-0.0165557700*I,-0.0115136900-0.0092146750*I,-0.0043360960-0.0034702790*I},
    {0.0088283160-0.0000000000*I,0.0234419400-0.0000000000*I,0.0421175400-0.0000000000*I,0.0512019100-0.0000000000*I,0.0421175400+0.0000000000*I,0.0234419400+0.0000000000*I,0.0088283160+0.0000000000*I},
    {-0.0043360960+0.0034702790*I,-0.0115136900+0.0092146750*I,-0.0206863600+0.0165557700*I,-0.0251482100+0.0201267000*I,-0.0206863600+0.0165557700*I,-0.0115136900+0.0092146750*I,-0.0043360960+0.0034702790*I},
    {-0.0000830900-0.0004709791*I,-0.0002206299-0.0012505970*I,-0.0003964000-0.0022469160*I,-0.0004818999-0.0027315550*I,-0.0003964000-0.0022469160*I,-0.0002206299-0.0012505970*I,-0.0000830900-0.0004709791*I},
    {0.0000050278+0.0000066992*I,0.0000133504+0.0000177885*I,0.0000239863+0.0000319602*I,0.0000291599+0.0000388537*I,0.0000239863+0.0000319602*I,0.0000133504+0.0000177885*I,0.0000050278+0.0000066992*I},
};

float complex morlet6[7][7] = {
    {-0.0003730507+0.0002492096*I,-0.0000723519+0.0004640453*I,0.0001938181+0.0001894189*I,0.0000950236-0.0000291199*I,0.0000061847-0.0000236379*I,-0.0000020339-0.0000028530*I,-0.0000002623-0.0000000428*I},
    {-0.0009152358-0.0036726160*I,-0.0065653990-0.0036563050*I,-0.0074747080+0.0020332880*I,-0.0020087690+0.0036050660*I,0.0004391283+0.0010866160*I,0.0001958448+0.0000299994*I,0.0000138724-0.0000178732*I},
    {0.0059336590+0.0043148570*I,0.0175430200-0.0084178570*I,0.0042756350-0.0338953400*I,-0.0229593200-0.0254904200*I,-0.0180811300-0.0009752251*I,-0.0036912840+0.0032713350*I,-0.0000014291+0.0007025404*I},
    {-0.0053326850+0.0020938190*I,-0.0081006680+0.0196504100*I,0.0211026300+0.0368138100*I,0.0515590200+0.0000000000*I,0.0211026300-0.0368138100*I,-0.0081006680-0.0196504100*I,-0.0053326850-0.0020938190*I},
    {-0.0000014291-0.0007025404*I,-0.0036912840-0.0032713350*I,-0.0180811300+0.0009752251*I,-0.0229593200+0.0254904200*I,0.0042756350+0.0338953400*I,0.0175430200+0.0084178570*I,0.0059336590-0.0043148570*I},
    {0.0000138724+0.0000178732*I,0.0001958448-0.0000299994*I,0.0004391283-0.0010866160*I,-0.0020087690-0.0036050660*I,-0.0074747080-0.0020332880*I,-0.0065653990+0.0036563050*I,-0.0009152358+0.0036726160*I},
    {-0.0000002623+0.0000000428*I,-0.0000020339+0.0000028530*I,0.0000061847+0.0000236379*I,0.0000950236+0.0000291199*I,0.0001938181-0.0001894189*I,-0.0000723519-0.0004640453*I,-0.0003730507-0.0002492096*I},
};

float complex morlet7[7][7] = {
    {0.0015283200-0.0000000000*I,-0.0009821461-0.0036447700*I,-0.0031549480+0.0005174061*I,0.0000835564+0.0007363237*I,0.0000613224-0.0000302072*I,-0.0000020442-0.0000028757*I,-0.0000000492+0.0000000263*I},
    {-0.0009821461+0.0036447700*I,0.0107757100-0.0000000000*I,-0.0046855570-0.0173882200*I,-0.0101843000+0.0016702070*I,0.0001825038+0.0016082790*I,0.0000906287-0.0000446434*I,-0.0000020442-0.0000028757*I},
    {-0.0031549480-0.0005174061*I,-0.0046855570+0.0173882200*I,0.0347844100-0.0000000000*I,-0.0102342000-0.0379793800*I,-0.0150514100+0.0024684060*I,0.0001825038+0.0016082790*I,0.0000613224-0.0000302072*I},
    {0.0000835564-0.0007363237*I,-0.0101843000-0.0016702070*I,-0.0102342000+0.0379793800*I,0.0514080300-0.0000000000*I,-0.0102342000-0.0379793800*I,-0.0101843000+0.0016702070*I,0.0000835564+0.0007363237*I},
    {0.0000613224+0.0000302072*I,0.0001825038-0.0016082790*I,-0.0150514100-0.0024684060*I,-0.0102342000+0.0379793800*I,0.0347844100+0.0000000000*I,-0.0046855570-0.0173882200*I,-0.0031549480+0.0005174061*I},
    {-0.0000020442+0.0000028757*I,0.0000906287+0.0000446434*I,0.0001825038-0.0016082790*I,-0.0101843000-0.0016702070*I,-0.0046855570+0.0173882200*I,0.0107757100+0.0000000000*I,-0.0009821461-0.0036447700*I},
    {-0.0000000492-0.0000000263*I,-0.0000020442+0.0000028757*I,0.0000613224+0.0000302072*I,0.0000835564-0.0007363237*I,-0.0031549480-0.0005174061*I,-0.0009821461+0.0036447700*I,0.0015283200+0.0000000000*I},
};

float complex morlet8[7][7] = {
    {-0.0003730507-0.0002492096*I,-0.0009152358+0.0036726160*I,0.0059336590-0.0043148570*I,-0.0053326850-0.0020938190*I,-0.0000014291+0.0007025404*I,0.0000138724-0.0000178732*I,-0.0000002623-0.0000000428*I},
    {-0.0000723519-0.0004640453*I,-0.0065653990+0.0036563050*I,0.0175430200+0.0084178570*I,-0.0081006680-0.0196504100*I,-0.0036912840+0.0032713350*I,0.0001958448+0.0000299994*I,-0.0000020339-0.0000028530*I},
    {0.0001938181-0.0001894189*I,-0.0074747080-0.0020332880*I,0.0042756350+0.0338953400*I,0.0211026300-0.0368138100*I,-0.0180811300-0.0009752251*I,0.0004391283+0.0010866160*I,0.0000061847-0.0000236379*I},
    {0.0000950236+0.0000291199*I,-0.0020087690-0.0036050660*I,-0.0229593200+0.0254904200*I,0.0515590200-0.0000000000*I,-0.0229593200-0.0254904200*I,-0.0020087690+0.0036050660*I,0.0000950236-0.0000291199*I},
    {0.0000061847+0.0000236379*I,0.0004391283-0.0010866160*I,-0.0180811300+0.0009752251*I,0.0211026300+0.0368138100*I,0.0042756350-0.0338953400*I,-0.0074747080+0.0020332880*I,0.0001938181+0.0001894189*I},
    {-0.0000020339+0.0000028530*I,0.0001958448-0.0000299994*I,-0.0036912840-0.0032713350*I,-0.0081006680+0.0196504100*I,0.0175430200-0.0084178570*I,-0.0065653990-0.0036563050*I,-0.0000723519+0.0004640453*I},
    {-0.0000002623+0.0000000428*I,0.0000138724+0.0000178732*I,-0.0000014291-0.0007025404*I,-0.0053326850+0.0020938190*I,0.0059336590+0.0043148570*I,-0.0009152358-0.0036726160*I,-0.0003730507+0.0002492096*I},
};
*/
